20 0  0  0  0  0  0  0  0  0  0  0  0  0  0  0  0  0  0  0  0  0  0  0  0  0  0  0  0  0  0  0  0  0  0  0  0  0  0  0  0  0  0  0  0  0  0  0  0  0  0  0  0  0  0  0  0  0  0  0  0  0  0  0  0  0  0  0  0  0  0  0  0  0  0  0  0  0  0  0  0  0  0  0  0  0  0  
3  0  0  0  0  0  0  0  0  0  0  0  0  0  0  0  0  0  0  0  0  0  0  0  0  0  0  0  0  0  0  0  0  0  0  0  0  0  0  0  0  0  0  0  0  0  0  0  0  0  0  0  0  0  0  0  0  0  0  0  0  0  0  0  0  0  0  0  0  0  0  0  0  0  0  0  0  0  0  0  0  0  0  0  0  0  0  
6  0  0  0  0  0  0  0  0  0  0  0  0  0  0  0  0  0  0  0  0  0  0  0  0  0  0  0  0  0  0  0  0  0  0  0  0  0  0  0  0  0  0  0  0  0  0  0  0  0  0  0  0  0  0  0  18 0  0  0  0  0  0  0  0  0  0  0  0  0  0  0  0  0  0  0  0  0  0  0  0  0  0  0  0  0  0  
6  0  0  0  0  0  0  0  0  0  0  0  0  0  0  0  0  0  0  0  0  0  0  0  18 0  0  0  0  0  0  0  0  0  0  0  0  0  0  0  0  0  0  0  0  0  0  0  0  0  0  0  0  0  0  0  19 0  0  0  0  0  0  0  0  0  18 0  0  0  0  0  0  0  0  0  0  0  0  0  0  0  0  0  0  0  0  
6  0  0  0  0  0  0  0  0  0  0  0  0  0  0  0  0  0  1  3  0  0  0  0  19 0  0  0  0  0  0  0  0  0  0  0  0  0  0  0  0  0  0  0  0  0  0  0  0  0  0  0  0  0  0  0  20 0  0  0  0  0  0  0  0  0  19 0  0  0  0  0  0  0  0  0  0  0  0  0  0  0  0  0  0  0  0  
6  0  0  0  0  0  0  0  0  0  0  0  0  0  0  1  2  2  5  5  2  3  0  0  20 0  0  0  0  0  0  0  0  0  0  0  0  0  0  21 0  10 0  0  0  0  0  0  0  0  0  0  0  0  0  0  1  3  0  0  0  0  0  0  0  16 20 0  0  0  0  0  0  0  0  0  0  0  0  0  0  0  0  0  0  0  0  
6  0  0  0  0  0  0  0  0  0  0  0  0  0  13 8  8  8  8  8  8  5  2  2  2  14 15 0  0  0  0  0  0  0  0  0  0  0  0  22 0  4  2  15 0  0  0  0  0  0  0  0  0  0  13 2  5  9  0  0  0  0  0  0  1  2  2  2  3  21 0  0  0  0  0  0  0  0  0  0  0  0  0  0  0  0  0  
6  0  0  0  18 0  0  0  10 21 0  21 0  0  0  0  0  0  0  0  0  4  5  8  9  0  0  0  0  0  0  0  0  0  0  0  0  1  2  14 14 8  9  0  0  0  0  0  0  0  21 0  0  0  0  7  9  0  0  0  0  0  1  2  5  8  8  5  5  3  0  0  0  0  0  0  0  0  0  0  0  0  0  0  0  0  0  
6  0  0  0  19 0  0  1  6  22 0  10 0  0  0  0  0  0  0  17 21 4  6  21 0  0  0  0  18 18 0  0  0  0  0  0  13 8  9  0  0  0  0  0  0  0  0  0  0  0  1  3  0  0  0  0  0  0  0  0  0  13 8  8  9  0  0  7  5  6  0  0  0  0  0  0  0  0  0  0  0  0  0  0  0  0  0  
5  2  3  0  20 0  0  4  5  2  2  6  0  0  0  0  21 0  0  0  1  5  5  15 0  0  0  0  19 19 0  0  0  0  0  0  25 0  0  0  0  0  0  0  0  0  0  0  0  13 8  9  0  0  0  0  0  0  0  0  0  0  25 0  0  0  0  0  4  5  3  0  0  18 18 0  0  0  0  0  0  0  0  0  0  0  0  
5  5  5  2  2  2  2  5  5  5  5  5  2  2  2  2  2  2  2  2  5  5  9  0  0  0  0  0  20 20 0  0  0  0  0  0  23 0  0  0  0  17 0  0  0  0  0  0  0  0  0  0  0  0  0  0  0  0  0  0  0  0  23 0  0  17 0  0  4  5  6  0  0  19 19 0  0  17 0  0  0  0  0  0  0  0  0  
5  5  5  5  5  5  5  5  5  5  5  5  5  5  5  5  5  5  5  5  5  6  0  0  0  0  0  1  2  2  2  3  0  0  0  0  24 0  0  0  0  1  2  2  2  2  15 0  0  0  0  0  0  18 0  0  0  0  0  0  0  0  24 0  0  0  0  1  5  5  5  3  0  20 20 0  0  0  0  0  0  0  0  0  0  0  0  
5  5  5  5  5  5  5  5  5  5  5  5  5  5  5  5  5  5  5  5  5  5  3  16 0  0  1  5  5  5  5  5  2  2  2  2  2  2  2  2  2  5  5  5  5  6  0  21 0  0  0  17 0  19 0  0  0  0  0  1  2  2  2  2  2  2  2  5  5  5  5  5  2  2  2  2  2  2  2  2  2  2  2  2  2  2  2
5  5  5  5  5  5  5  5  5  5  5  5  5  5  5  5  5  5  5  5  5  5  5  3  0  0  4  5  5  5  5  5  5  5  5  5  5  5  5  5  5  5  5  5  5  5  2  3  0  0  0  0  0  20 0  1  2  2  2  5  5  5  5  5  5  5  5  5  5  5  5  5  5  5  5  5  5  5  5  5  5  5  5  5  5  5  6
5  5  5  5  5  5  5  5  5  5  5  5  5  5  5  5  5  5  5  5  5  5  5  5  2  2  5  5  5  5  5  5  5  5  5  5  5  5  5  5  5  5  5  5  5  5  5  5  2  2  2  2  2  2  2  5  5  5  5  5  5  5  5  5  5  5  5  5  5  5  5  5  5  5  5  5  5  5  5  5  5  5  5  5  5  5  6
5  5  5  5  5  5  5  5  5  5  5  5  5  5  5  5  5  5  5  5  5  5  5  5  5  5  5  5  5  5  5  5  5  5  5  5  5  5  5  5  5  5  5  5  5  5  5  5  5  5  5  5  5  5  5  5  5  5  5  5  5  5  5  5  5  5  5  5  5  5  5  5  5  5  5  5  5  5  5  5  5  5  5  5  5  5  6
5  5  5  5  5  5  5  5  5  5  5  5  5  5  5  5  5  5  5  5  5  5  5  5  5  5  5  5  5  5  5  5  5  5  5  5  5  5  5  5  5  5  5  5  5  5  5  5  5  5  5  5  5  5  5  5  5  5  5  5  5  5  5  5  5  5  5  5  5  5  5  5  5  5  5  5  5  5  5  5  5  5  5  5  5  5  6
5  5  5  5  5  5  5  5  5  5  5  5  5  5  5  5  5  5  5  5  5  5  5  5  5  5  5  5  5  5  5  5  5  5  5  5  5  5  5  5  5  5  5  5  5  5  5  5  5  5  5  5  5  5  5  5  5  5  5  5  5  5  5  5  5  5  5  5  5  5  5  5  5  5  5  5  5  5  5  5  5  5  5  5  5  5  6
5  5  5  5  5  5  5  5  5  5  5  5  5  5  5  5  5  5  5  5  5  5  5  5  5  5  5  5  5  5  5  5  5  5  5  5  5  5  5  5  5  5  5  5  5  5  5  5  5  5  5  5  5  5  5  5  5  5  5  5  5  5  5  5  5  5  5  5  5  5  5  5  5  5  5  5  5  5  5  5  5  5  5  5  5  5  6
5  5  5  5  5  5  5  5  5  5  5  5  5  5  5  5  5  5  5  5  5  5  5  5  5  5  5  5  5  5  5  5  5  5  5  5  5  5  5  5  5  5  5  5  5  5  5  5  5  5  5  5  5  5  5  5  5  5  5  5  5  5  5  5  5  5  5  5  5  5  5  5  5  5  5  5  5  5  5  5  5  5  5  5  5  5  6
5  5  5  5  5  5  5  5  5  5  5  5  5  5  5  5  5  5  5  5  5  5  5  5  5  5  5  5  5  5  5  5  5  5  5  5  5  5  5  5  5  5  5  5  5  5  5  5  5  5  5  5  5  5  5  5  5  5  5  5  5  5  5  5  5  5  5  5  5  5  5  5  5  5  5  5  5  5  5  5  5  5  5  5  5  5  6
5  5  5  5  5  5  5  5  5  5  5  5  5  5  5  5  5  5  5  5  5  5  5  5  5  5  5  5  5  5  5  5  5  5  5  5  5  5  5  5  5  5  5  5  5  5  5  5  5  5  5  5  5  5  5  5  5  5  5  5  5  5  5  5  5  5  5  5  5  5  5  5  5  5  5  5  5  5  5  5  5  5  5  5  5  5  6
5  5  5  5  5  5  5  5  5  5  5  5  5  5  5  5  5  5  5  5  5  5  5  5  5  5  5  5  5  5  5  5  5  5  5  5  5  5  5  5  5  5  5  5  5  5  5  5  5  5  5  5  5  5  5  5  5  5  5  5  5  5  5  5  5  5  5  5  5  5  5  5  5  5  5  5  5  5  5  5  5  5  5  5  5  5  6